DateMaxMin
[1385856000000, 42, 29],
[1385942400000, 44, 29],
[1386028800000, 50, 37],
[1386115200000, 56, 39],
[1386201600000, 39, 21],
[1386288000000, 21, 13],
[1386374400000, 21, 8],
[1386460800000, 26, 15],
[1386547200000, 25, 0],
[1386633600000, 21, -6],
[1386720000000, 21, 1],
[1386806400000, 19, -3],
[1386892800000, 32, 13],
[1386979200000, 31, 22],
[1387065600000, 22, 10],
[1387152000000, 21, 7],
[1387238400000, 33, 16],
[1387324800000, 35, 15],
[1387411200000, 39, 33],
[1387497600000, 36, 33],
[1387584000000, 35, 30],
[1387670400000, 34, 24],
[1387756800000, 26, -1],
[1387843200000, 18, -2],
[1387929600000, 27, 18],
[1388016000000, 34, 14],
[1388102400000, 41, 21],
[1388188800000, 50, 33],
[1388275200000, 40, 11],
[1388361600000, 13, 1],
[1388448000000, 12, 2],
[1388534400000, 22, 10],
[1388620800000, 21, -1],
[1388707200000, 20, -12],
[1388793600000, 31, 19],
[1388880000000, 29, -3],
[1388966400000, -2, -16],
[1389052800000, 3, -12],
[1389139200000, 17, -6],
[1389225600000, 27, -4],
[1389312000000, 40, 27],
[1389398400000, 40, 31],
[1389484800000, 44, 28],
[1389571200000, 45, 27],
[1389657600000, 35, 22],
[1389744000000, 22, 15],
[1389830400000, 34, 19],
[1389916800000, 20, 12],
[1390003200000, 21, 7],
[1390089600000, 37, 10],
[1390176000000, 35, 13],
[1390262400000, 13, 0],
[1390348800000, 15, 0],
[1390435200000, 10, -5],
[1390521600000, 28, -6],
[1390608000000, 33, 7],
[1390694400000, 31, 6],
[1390780800000, 6, -7],
[1390867200000, 3, -11],
[1390953600000, 23, 1],
[1391040000000, 33, 20],
[1391126400000, 28, 17],
[1391212800000, 31, 20],
[1391299200000, 21, -1],
[1391385600000, 21, -6],
[1391472000000, 24, 7],
[1391558400000, 25, 9],
[1391644800000, 14, -2],
[1391731200000, 11, -4],
[1391817600000, 16, 5],
[1391904000000, 19, 4],
[1391990400000, 12, -3],
[1392076800000, 14, -8],
[1392163200000, 24, -5],
[1392249600000, 32, 10],
[1392336000000, 22, 12],
[1392422400000, 24, 3],
[1392508800000, 29, 17],
[1392595200000, 28, 23],
[1392681600000, 46, 16],
[1392768000000, 44, 30],
[1392854400000, 49, 34],
[1392940800000, 37, 26],
[1393027200000, 35, 21],
[1393113600000, 28, 15],
[1393200000000, 25, 12],
[1393286400000, 22, 6],
[1393372800000, 18, 1],
[1393459200000, 18, 4],
[1393545600000, 30, 3],
[1393632000000, 31, 11],
[1393718400000, 14, 1],
[1393804800000, 19, -2],
[1393891200000, 27, 12],
[1393977600000, 23, 19],
[1394064000000, 33, 16],
[1394150400000, 47, 13],
[1394236800000, 38, 21],
[1394323200000, 42, 19],
[1394409600000, 53, 40],
[1394496000000, 50, 34],
[1394582400000, 34, 14],
[1394668800000, 39, 11],
[1394755200000, 53, 37],
[1394841600000, 40, 27],
[1394928000000, 27, 19]
[Date, Average temperature
[1385856000000, 36],
[1385942400000, 37],
[1386028800000, 44],
[1386115200000, 48],
[1386201600000, 30],
[1386288000000, 17],
[1386374400000, 15],
[1386460800000, 21],
[1386547200000, 13],
[1386633600000, 8],
[1386720000000, 11],
[1386806400000, 8],
[1386892800000, 23],
[1386979200000, 27],
[1387065600000, 16],
[1387152000000, 14],
[1387238400000, 25],
[1387324800000, 25],
[1387411200000, 36],
[1387497600000, 35],
[1387584000000, 33],
[1387670400000, 29],
[1387756800000, 13],
[1387843200000, 8],
[1387929600000, 23],
[1388016000000, 24],
[1388102400000, 31],
[1388188800000, 42],
[1388275200000, 26],
[1388361600000, 7],
[1388448000000, 7],
[1388534400000, 16],
[1388620800000, 10],
[1388707200000, 4],
[1388793600000, 25],
[1388880000000, 13],
[1388966400000, -9],
[1389052800000, -4],
[1389139200000, 6],
[1389225600000, 12],
[1389312000000, 34],
[1389398400000, 36],
[1389484800000, 36],
[1389571200000, 36],
[1389657600000, 29],
[1389744000000, 19],
[1389830400000, 27],
[1389916800000, 16],
[1390003200000, 14],
[1390089600000, 24],
[1390176000000, 24],
[1390262400000, 7],
[1390348800000, 8],
[1390435200000, 3],
[1390521600000, 11],
[1390608000000, 20],
[1390694400000, 19],
[1390780800000, 0],
[1390867200000, -4],
[1390953600000, 12],
[1391040000000, 27],
[1391126400000, 23],
[1391212800000, 26],
[1391299200000, 10],
[1391385600000, 8],
[1391472000000, 16],
[1391558400000, 17],
[1391644800000, 6],
[1391731200000, 4],
[1391817600000, 11],
[1391904000000, 12],
[1391990400000, 5],
[1392076800000, 3],
[1392163200000, 10],
[1392249600000, 21],
[1392336000000, 17],
[1392422400000, 14],
[1392508800000, 23],
[1392595200000, 26],
[1392681600000, 31],
[1392768000000, 37],
[1392854400000, 42],
[1392940800000, 32],
[1393027200000, 28],
[1393113600000, 22],
[1393200000000, 19],
[1393286400000, 14],
[1393372800000, 10],
[1393459200000, 11],
[1393545600000, 17],
[1393632000000, 21],
[1393718400000, 8],
[1393804800000, 9],
[1393891200000, 20],
[1393977600000, 21],
[1394064000000, 25],
[1394150400000, 30],
[1394236800000, 30],
[1394323200000, 31],
[1394409600000, 47],
[1394496000000, 42],
[1394582400000, 24],
[1394668800000, 25],
[1394755200000, 45],
[1394841600000, 34],
[1394928000000, 23]
[Date, Normal average
[1385856000000, 33],
[1385942400000, 32],
[1386028800000, 32],
[1386115200000, 31],
[1386201600000, 31],
[1386288000000, 31],
[1386374400000, 30],
[1386460800000, 30],
[1386547200000, 29],
[1386633600000, 29],
[1386720000000, 29],
[1386806400000, 28],
[1386892800000, 28],
[1386979200000, 28],
[1387065600000, 28],
[1387152000000, 27],
[1387238400000, 27],
[1387324800000, 27],
[1387411200000, 26],
[1387497600000, 26],
[1387584000000, 26],
[1387670400000, 26],
[1387756800000, 26],
[1387843200000, 26],
[1387929600000, 25],
[1388016000000, 25],
[1388102400000, 25],
[1388188800000, 25],
[1388275200000, 25],
[1388361600000, 25],
[1388448000000, 24],
[1388534400000, 24],
[1388620800000, 24],
[1388707200000, 24],
[1388793600000, 24],
[1388880000000, 24],
[1388966400000, 24],
[1389052800000, 24],
[1389139200000, 24],
[1389225600000, 24],
[1389312000000, 24],
[1389398400000, 24],
[1389484800000, 24],
[1389571200000, 24],
[1389657600000, 24],
[1389744000000, 24],
[1389830400000, 24],
[1389916800000, 23],
[1390003200000, 23],
[1390089600000, 23],
[1390176000000, 23],
[1390262400000, 24],
[1390348800000, 24],
[1390435200000, 24],
[1390521600000, 24],
[1390608000000, 24],
[1390694400000, 24],
[1390780800000, 24],
[1390867200000, 24],
[1390953600000, 24],
[1391040000000, 24],
[1391126400000, 24],
[1391212800000, 24],
[1391299200000, 24],
[1391385600000, 25],
[1391472000000, 25],
[1391558400000, 25],
[1391644800000, 25],
[1391731200000, 25],
[1391817600000, 26],
[1391904000000, 26],
[1391990400000, 26],
[1392076800000, 26],
[1392163200000, 27],
[1392249600000, 27],
[1392336000000, 27],
[1392422400000, 28],
[1392508800000, 28],
[1392595200000, 28],
[1392681600000, 28],
[1392768000000, 29],
[1392854400000, 29],
[1392940800000, 30],
[1393027200000, 30],
[1393113600000, 30],
[1393200000000, 31],
[1393286400000, 31],
[1393372800000, 31],
[1393459200000, 32],
[1393545600000, 32],
[1393632000000, 32],
[1393718400000, 33],
[1393804800000, 33],
[1393891200000, 34],
[1393977600000, 34],
[1394064000000, 34],
[1394150400000, 35],
[1394236800000, 35],
[1394323200000, 35],
[1394409600000, 36],
[1394496000000, 36],
[1394582400000, 36],
[1394668800000, 37],
[1394755200000, 37],
[1394841600000, 38],
[1394928000000, 38]
